#software version: 5dd058a
#opt_algo SSMC
#parameters file--------------------------------------------------
#timesteps 100000
#pulses 1000
#costtype hyperbolic
#mag_weight 2.0
#prod_weight 1.0
#rough_weight 30.0
#time_weight 0.7
#walkers 20
#concavity 6.0
#alphaType spline
#alphaPieces 10
#minAlpha 0
##set max tip angle to Pi/2:
#maxAlpha 1.570796326
#TRtype spline
#TRpieces 10
#minTR 0.01
#maxTR 0.10
#-----------------------------------------------------------------
#tissue 0: T1 = 0.800000	T2=0.040000
#tissue 1: T1 = 1.400000	T2=0.060000
#final energy = 72.043123
#pulse	alpha		theta		TR		TE
0	0.012714	0.000000	0.054259	0.002200
1	0.026503	0.000000	0.044359	0.002200
2	0.040285	0.000000	0.034460	0.002200
3	0.054050	0.000000	0.024562	0.002200
4	0.067791	0.000000	0.014668	0.002200
5	0.081500	0.000000	0.010000	0.002200
6	0.095169	0.000000	0.010000	0.002200
7	0.108790	0.000000	0.010000	0.002200
8	0.122354	0.000000	0.010000	0.002200
9	0.135853	0.000000	0.010000	0.002200
10	0.149280	0.000000	0.010000	0.002200
11	0.162627	0.000000	0.010000	0.002200
12	0.175885	0.000000	0.010000	0.002200
13	0.189046	0.000000	0.010000	0.002200
14	0.202103	0.000000	0.010000	0.002200
15	0.215047	0.000000	0.010000	0.002200
16	0.227870	0.000000	0.010000	0.002200
17	0.240564	0.000000	0.010000	0.002200
18	0.253122	0.000000	0.010000	0.002200
19	0.265534	0.000000	0.010000	0.002200
20	0.277793	0.000000	0.010000	0.002200
21	0.289892	0.000000	0.010000	0.002200
22	0.301821	0.000000	0.010000	0.002200
23	0.313573	0.000000	0.010000	0.002200
24	0.325140	0.000000	0.010000	0.002200
25	0.336513	0.000000	0.010000	0.002200
26	0.347686	0.000000	0.010000	0.002200
27	0.358650	0.000000	0.010000	0.002200
28	0.369405	0.000000	0.010000	0.002200
29	0.379952	0.000000	0.010000	0.002200
30	0.390294	0.000000	0.010000	0.002200
31	0.400431	0.000000	0.010000	0.002200
32	0.410364	0.000000	0.010000	0.002200
33	0.420095	0.000000	0.010000	0.002200
34	0.429625	0.000000	0.010000	0.002200
35	0.438956	0.000000	0.010000	0.002200
36	0.448089	0.000000	0.010000	0.002200
37	0.457025	0.000000	0.010000	0.002200
38	0.465766	0.000000	0.010000	0.002200
39	0.474312	0.000000	0.010000	0.002200
40	0.482666	0.000000	0.010000	0.002200
41	0.490829	0.000000	0.010000	0.002200
42	0.498801	0.000000	0.010000	0.002200
43	0.506585	0.000000	0.010000	0.002200
44	0.514181	0.000000	0.010000	0.002200
45	0.521591	0.000000	0.010000	0.002200
46	0.528817	0.000000	0.010000	0.002200
47	0.535859	0.000000	0.010000	0.002200
48	0.542720	0.000000	0.010000	0.002200
49	0.549399	0.000000	0.010000	0.002200
50	0.555900	0.000000	0.010000	0.002200
51	0.562222	0.000000	0.010000	0.002200
52	0.568368	0.000000	0.010000	0.002200
53	0.574339	0.000000	0.010000	0.002200
54	0.580135	0.000000	0.010000	0.002200
55	0.585759	0.000000	0.010000	0.002200
56	0.591212	0.000000	0.010000	0.002200
57	0.596495	0.000000	0.010000	0.002200
58	0.601609	0.000000	0.010000	0.002200
59	0.606556	0.000000	0.010000	0.002200
60	0.611337	0.000000	0.010000	0.002200
61	0.615954	0.000000	0.010000	0.002200
62	0.620408	0.000000	0.010000	0.002200
63	0.624699	0.000000	0.010000	0.002200
64	0.628830	0.000000	0.010000	0.002200
65	0.632802	0.000000	0.010000	0.002200
66	0.636616	0.000000	0.010000	0.002200
67	0.640274	0.000000	0.010000	0.002200
68	0.643776	0.000000	0.010000	0.002200
69	0.647125	0.000000	0.010000	0.002200
70	0.650321	0.000000	0.010000	0.002200
71	0.653367	0.000000	0.010000	0.002200
72	0.656262	0.000000	0.010000	0.002200
73	0.659009	0.000000	0.010000	0.002200
74	0.661609	0.000000	0.010000	0.002200
75	0.664063	0.000000	0.010000	0.002200
76	0.666373	0.000000	0.010000	0.002200
77	0.668539	0.000000	0.010000	0.002200
78	0.670564	0.000000	0.010000	0.002200
79	0.672449	0.000000	0.010000	0.002200
80	0.674195	0.000000	0.010000	0.002200
81	0.675802	0.000000	0.010000	0.002200
82	0.677274	0.000000	0.010000	0.002200
83	0.678611	0.000000	0.010000	0.002200
84	0.679813	0.000000	0.010000	0.002200
85	0.680884	0.000000	0.010000	0.002200
86	0.681824	0.000000	0.010000	0.002200
87	0.682634	0.000000	0.010000	0.002200
88	0.683315	0.000000	0.010000	0.002200
89	0.683870	0.000000	0.010000	0.002200
90	0.684299	0.000000	0.010000	0.002200
91	0.684604	0.000000	0.010000	0.002200
92	0.684786	0.000000	0.010000	0.002200
93	0.684846	0.000000	0.010000	0.002200
94	0.684787	0.000000	0.010000	0.002200
95	0.684608	0.000000	0.010000	0.002200
96	0.684312	0.000000	0.010000	0.002200
97	0.683899	0.000000	0.010000	0.002200
98	0.683372	0.000000	0.010000	0.002200
99	0.682731	0.000000	0.010000	0.002200
100	0.681978	0.000000	0.010000	0.002200
101	0.681114	0.000000	0.010000	0.002200
102	0.680141	0.000000	0.010000	0.002200
103	0.679059	0.000000	0.010000	0.002200
104	0.677871	0.000000	0.010000	0.002200
105	0.676577	0.000000	0.010000	0.002200
106	0.675179	0.000000	0.010000	0.002200
107	0.673678	0.000000	0.010000	0.002200
108	0.672076	0.000000	0.010000	0.002200
109	0.670374	0.000000	0.010000	0.002200
110	0.668573	0.000000	0.010000	0.002200
111	0.666675	0.000000	0.010000	0.002200
112	0.664680	0.000000	0.010000	0.002200
113	0.662591	0.000000	0.010000	0.002200
114	0.660408	0.000000	0.010000	0.002200
115	0.658134	0.000000	0.010000	0.002200
116	0.655769	0.000000	0.010000	0.002200
117	0.653314	0.000000	0.010000	0.002200
118	0.650771	0.000000	0.010000	0.002200
119	0.648142	0.000000	0.010000	0.002200
120	0.645427	0.000000	0.010000	0.002200
121	0.642629	0.000000	0.010000	0.002200
122	0.639747	0.000000	0.010000	0.002200
123	0.636785	0.000000	0.010000	0.002200
124	0.633742	0.000000	0.010000	0.002200
125	0.630621	0.000000	0.010000	0.002200
126	0.627423	0.000000	0.010000	0.002200
127	0.624148	0.000000	0.010000	0.002200
128	0.620799	0.000000	0.010000	0.002200
129	0.617377	0.000000	0.010000	0.002200
130	0.613883	0.000000	0.010000	0.002200
131	0.610318	0.000000	0.010000	0.002200
132	0.606684	0.000000	0.010000	0.002200
133	0.602983	0.000000	0.010000	0.002200
134	0.599214	0.000000	0.010000	0.002200
135	0.595381	0.000000	0.010000	0.002200
136	0.591484	0.000000	0.010000	0.002200
137	0.587524	0.000000	0.010000	0.002200
138	0.583503	0.000000	0.010000	0.002200
139	0.579422	0.000000	0.010000	0.002200
140	0.575283	0.000000	0.010000	0.002200
141	0.571086	0.000000	0.010000	0.002200
142	0.566834	0.000000	0.010000	0.002200
143	0.562528	0.000000	0.010000	0.002200
144	0.558168	0.000000	0.010000	0.002200
145	0.553756	0.000000	0.010000	0.002200
146	0.549294	0.000000	0.010000	0.002200
147	0.544783	0.000000	0.010000	0.002200
148	0.540225	0.000000	0.010000	0.002200
149	0.535619	0.000000	0.010000	0.002200
150	0.530969	0.000000	0.010000	0.002200
151	0.526275	0.000000	0.010000	0.002200
152	0.521539	0.000000	0.010000	0.002200
153	0.516762	0.000000	0.010000	0.002200
154	0.511945	0.000000	0.010000	0.002200
155	0.507090	0.000000	0.010000	0.002200
156	0.502197	0.000000	0.010000	0.002200
157	0.497269	0.000000	0.010000	0.002200
158	0.492307	0.000000	0.010000	0.002200
159	0.487312	0.000000	0.010000	0.002200
160	0.482285	0.000000	0.010000	0.002200
161	0.477228	0.000000	0.010000	0.002200
162	0.472142	0.000000	0.010000	0.002200
163	0.467028	0.000000	0.010000	0.002200
164	0.461888	0.000000	0.010000	0.002200
165	0.456723	0.000000	0.010000	0.002200
166	0.451535	0.000000	0.010000	0.002200
167	0.446324	0.000000	0.010000	0.002200
168	0.441092	0.000000	0.010000	0.002200
169	0.435841	0.000000	0.010000	0.002200
170	0.430572	0.000000	0.010000	0.002200
171	0.425286	0.000000	0.010000	0.002200
172	0.419984	0.000000	0.010000	0.002200
173	0.414668	0.000000	0.010000	0.002200
174	0.409340	0.000000	0.010000	0.002200
175	0.403999	0.000000	0.010000	0.002200
176	0.398649	0.000000	0.010000	0.002200
177	0.393290	0.000000	0.010000	0.002200
178	0.387923	0.000000	0.010000	0.002200
179	0.382551	0.000000	0.010000	0.002200
180	0.377173	0.000000	0.010000	0.002200
181	0.371792	0.000000	0.010000	0.002200
182	0.366409	0.000000	0.010000	0.002200
183	0.361026	0.000000	0.010000	0.002200
184	0.355642	0.000000	0.010000	0.002200
185	0.350261	0.000000	0.010000	0.002200
186	0.344883	0.000000	0.010000	0.002200
187	0.339510	0.000000	0.010000	0.002200
188	0.334143	0.000000	0.010000	0.002200
189	0.328783	0.000000	0.010000	0.002200
190	0.323431	0.000000	0.010000	0.002200
191	0.318090	0.000000	0.010000	0.002200
192	0.312760	0.000000	0.010000	0.002200
193	0.307442	0.000000	0.010000	0.002200
194	0.302139	0.000000	0.010000	0.002200
195	0.296851	0.000000	0.010000	0.002200
196	0.291580	0.000000	0.010000	0.002200
197	0.286326	0.000000	0.010000	0.002200
198	0.281093	0.000000	0.010000	0.002200
199	0.275879	0.000000	0.010000	0.002200
200	0.270688	0.000000	0.010000	0.002200
201	0.265521	0.000000	0.010000	0.002200
202	0.260378	0.000000	0.010000	0.002200
203	0.255261	0.000000	0.010000	0.002200
204	0.250172	0.000000	0.010000	0.002200
205	0.245111	0.000000	0.010000	0.002200
206	0.240081	0.000000	0.010000	0.002200
207	0.235082	0.000000	0.010000	0.002200
208	0.230116	0.000000	0.010000	0.002200
209	0.225184	0.000000	0.010000	0.002200
210	0.220287	0.000000	0.010000	0.002200
211	0.215427	0.000000	0.010000	0.002200
212	0.210606	0.000000	0.010000	0.002200
213	0.205824	0.000000	0.010000	0.002200
214	0.201083	0.000000	0.010000	0.002200
215	0.196384	0.000000	0.010000	0.002200
216	0.191729	0.000000	0.010000	0.002200
217	0.187118	0.000000	0.010000	0.002200
218	0.182554	0.000000	0.010000	0.002200
219	0.178038	0.000000	0.010000	0.002200
220	0.173570	0.000000	0.010000	0.002200
221	0.169153	0.000000	0.010000	0.002200
222	0.164787	0.000000	0.010000	0.002200
223	0.160474	0.000000	0.010000	0.002200
224	0.156215	0.000000	0.010000	0.002200
225	0.152013	0.000000	0.010000	0.002200
226	0.147867	0.000000	0.010000	0.002200
227	0.143779	0.000000	0.010000	0.002200
228	0.139751	0.000000	0.010000	0.002200
229	0.135784	0.000000	0.010000	0.002200
230	0.131880	0.000000	0.010000	0.002200
231	0.128039	0.000000	0.010000	0.002200
232	0.124263	0.000000	0.010000	0.002200
233	0.120553	0.000000	0.010000	0.002200
234	0.116912	0.000000	0.010000	0.002200
235	0.113339	0.000000	0.010000	0.002200
236	0.109837	0.000000	0.010000	0.002200
237	0.106406	0.000000	0.010000	0.002200
238	0.103049	0.000000	0.010000	0.002200
239	0.099766	0.000000	0.010000	0.002200
240	0.096558	0.000000	0.010000	0.002200
241	0.093428	0.000000	0.010000	0.002200
242	0.090377	0.000000	0.010000	0.002200
243	0.087405	0.000000	0.016540	0.002200
244	0.084514	0.000000	0.035986	0.002200
245	0.081706	0.000000	0.055516	0.002200
246	0.078981	0.000000	0.074882	0.002200
247	0.076342	0.000000	0.093835	0.002200
248	0.073789	0.000000	0.112125	0.002200
249	0.071325	0.000000	0.129501	0.002200
250	0.068949	0.000000	0.145713	0.002200
251	0.066664	0.000000	0.160512	0.002200
252	0.064471	0.000000	0.173648	0.002200
253	0.062371	0.000000	0.184870	0.002200
254	0.060365	0.000000	0.193929	0.002200
255	0.058456	0.000000	0.200574	0.002200
256	0.056643	0.000000	0.204556	0.002200
257	0.054930	0.000000	0.205625	0.002200
258	0.053316	0.000000	0.203530	0.002200
259	0.051804	0.000000	0.198022	0.002200
260	0.050394	0.000000	0.188850	0.002200
261	0.049088	0.000000	0.175766	0.002200
262	0.047887	0.000000	0.158518	0.002200
263	0.046793	0.000000	0.136857	0.002200
264	0.045808	0.000000	0.110532	0.002200
265	0.044931	0.000000	0.079354	0.002200
266	0.044165	0.000000	0.044420	0.002200
267	0.043511	0.000000	0.010000	0.002200
268	0.042971	0.000000	0.010000	0.002200
269	0.042545	0.000000	0.010000	0.002200
270	0.042235	0.000000	0.010000	0.002200
271	0.042043	0.000000	0.010000	0.002200
272	0.041969	0.000000	0.010000	0.002200
273	0.042016	0.000000	0.010000	0.002200
274	0.042184	0.000000	0.010000	0.002200
275	0.042474	0.000000	0.010000	0.002200
276	0.042889	0.000000	0.010000	0.002200
277	0.043429	0.000000	0.010000	0.002200
278	0.044096	0.000000	0.010000	0.002200
279	0.044891	0.000000	0.010000	0.002200
280	0.045816	0.000000	0.010000	0.002200
281	0.046871	0.000000	0.010000	0.002200
282	0.048059	0.000000	0.010000	0.002200
283	0.049380	0.000000	0.010000	0.002200
284	0.050836	0.000000	0.010000	0.002200
285	0.052428	0.000000	0.010000	0.002200
286	0.054158	0.000000	0.010000	0.002200
287	0.056026	0.000000	0.010000	0.002200
288	0.058035	0.000000	0.010000	0.002200
289	0.060185	0.000000	0.010000	0.002200
290	0.062479	0.000000	0.010000	0.002200
291	0.064916	0.000000	0.010000	0.002200
292	0.067499	0.000000	0.010000	0.002200
293	0.070229	0.000000	0.010000	0.002200
294	0.073107	0.000000	0.010000	0.002200
295	0.076135	0.000000	0.010000	0.002200
296	0.079314	0.000000	0.010000	0.002200
297	0.082645	0.000000	0.010000	0.002200
298	0.086130	0.000000	0.010000	0.002200
299	0.089769	0.000000	0.010000	0.002200
300	0.093565	0.000000	0.010000	0.002200
301	0.097519	0.000000	0.010000	0.002200
302	0.101632	0.000000	0.010000	0.002200
303	0.105905	0.000000	0.010000	0.002200
304	0.110340	0.000000	0.010000	0.002200
305	0.114937	0.000000	0.010000	0.002200
306	0.119700	0.000000	0.010000	0.002200
307	0.124628	0.000000	0.010000	0.002200
308	0.129723	0.000000	0.010000	0.002200
309	0.134986	0.000000	0.010000	0.002200
310	0.140419	0.000000	0.010000	0.002200
311	0.146023	0.000000	0.010000	0.002200
312	0.151800	0.000000	0.010000	0.002200
313	0.157750	0.000000	0.010000	0.002200
314	0.163876	0.000000	0.010000	0.002200
315	0.170178	0.000000	0.010000	0.002200
316	0.176658	0.000000	0.010000	0.002200
317	0.183317	0.000000	0.010000	0.002200
318	0.190156	0.000000	0.010000	0.002200
319	0.197178	0.000000	0.010000	0.002200
320	0.204382	0.000000	0.010000	0.002200
321	0.211771	0.000000	0.010000	0.002200
322	0.219346	0.000000	0.010000	0.002200
323	0.227108	0.000000	0.010000	0.002200
324	0.235058	0.000000	0.010000	0.002200
325	0.243199	0.000000	0.010000	0.002200
326	0.251531	0.000000	0.010000	0.002200
327	0.260055	0.000000	0.010000	0.002200
328	0.268773	0.000000	0.010000	0.002200
329	0.277687	0.000000	0.010000	0.002200
330	0.286797	0.000000	0.010000	0.002200
331	0.296105	0.000000	0.010000	0.002200
332	0.305612	0.000000	0.010000	0.002200
333	0.315320	0.000000	0.010000	0.002200
334	0.325230	0.000000	0.010000	0.002200
335	0.335343	0.000000	0.010000	0.002200
336	0.345661	0.000000	0.010000	0.002200
337	0.356185	0.000000	0.010000	0.002200
338	0.366916	0.000000	0.010000	0.002200
339	0.377856	0.000000	0.010000	0.002200
340	0.389006	0.000000	0.010000	0.002200
341	0.400367	0.000000	0.010000	0.002200
342	0.411941	0.000000	0.010000	0.002200
343	0.423729	0.000000	0.010000	0.002200
344	0.435733	0.000000	0.010000	0.002200
345	0.447953	0.000000	0.010000	0.002200
346	0.460391	0.000000	0.010000	0.002200
347	0.473049	0.000000	0.010000	0.002200
348	0.485927	0.000000	0.010000	0.002200
349	0.499028	0.000000	0.010000	0.002200
350	0.512352	0.000000	0.010000	0.002200
351	0.525901	0.000000	0.010000	0.002200
352	0.539676	0.000000	0.010000	0.002200
353	0.553678	0.000000	0.010000	0.002200
354	0.567909	0.000000	0.010000	0.002200
355	0.582371	0.000000	0.010000	0.002200
356	0.597063	0.000000	0.010000	0.002200
357	0.611989	0.000000	0.010000	0.002200
358	0.627149	0.000000	0.010000	0.002200
359	0.642545	0.000000	0.010000	0.002200
360	0.658177	0.000000	0.010000	0.002200
361	0.674048	0.000000	0.010000	0.002200
362	0.690158	0.000000	0.010000	0.002200
363	0.706509	0.000000	0.010000	0.002200
364	0.723102	0.000000	0.010000	0.002200
365	0.739939	0.000000	0.010000	0.002200
366	0.757021	0.000000	0.010000	0.002200
367	0.774349	0.000000	0.010000	0.002200
368	0.791925	0.000000	0.010000	0.002200
369	0.809749	0.000000	0.010000	0.002200
370	0.827824	0.000000	0.010000	0.002200
371	0.846151	0.000000	0.010000	0.002200
372	0.864730	0.000000	0.010000	0.002200
373	0.883564	0.000000	0.010000	0.002200
374	0.902654	0.000000	0.010000	0.002200
375	0.922001	0.000000	0.010000	0.002200
376	0.941599	0.000000	0.010000	0.002200
377	0.961413	0.000000	0.010000	0.002200
378	0.981401	0.000000	0.010000	0.002200
379	1.001521	0.000000	0.010000	0.002200
380	1.021728	0.000000	0.010000	0.002200
381	1.041982	0.000000	0.010000	0.002200
382	1.062239	0.000000	0.010000	0.002200
383	1.082456	0.000000	0.010000	0.002200
384	1.102592	0.000000	0.010000	0.002200
385	1.122603	0.000000	0.010000	0.002200
386	1.142446	0.000000	0.010000	0.002200
387	1.162079	0.000000	0.010000	0.002200
388	1.181460	0.000000	0.010000	0.002200
389	1.200545	0.000000	0.010000	0.002200
390	1.219293	0.000000	0.010000	0.002200
391	1.237659	0.000000	0.010000	0.002200
392	1.255603	0.000000	0.010000	0.002200
393	1.273081	0.000000	0.010000	0.002200
394	1.290050	0.000000	0.010000	0.002200
395	1.306468	0.000000	0.010000	0.002200
396	1.322292	0.000000	0.010000	0.002200
397	1.337480	0.000000	0.010000	0.002200
398	1.351989	0.000000	0.010000	0.002200
399	1.365776	0.000000	0.010000	0.002200
400	1.378798	0.000000	0.010000	0.002200
401	1.391014	0.000000	0.010000	0.002200
402	1.402380	0.000000	0.010000	0.002200
403	1.412853	0.000000	0.010000	0.002200
404	1.422392	0.000000	0.010000	0.002200
405	1.430953	0.000000	0.010000	0.002200
406	1.438494	0.000000	0.010000	0.002200
407	1.444972	0.000000	0.010000	0.002200
408	1.450344	0.000000	0.010000	0.002200
409	1.454568	0.000000	0.010000	0.002200
410	1.457601	0.000000	0.010000	0.002200
411	1.459401	0.000000	0.010000	0.002200
412	1.459925	0.000000	0.010000	0.002200
413	1.459135	0.000000	0.010000	0.002200
414	1.457040	0.000000	0.010000	0.002200
415	1.453681	0.000000	0.010000	0.002200
416	1.449096	0.000000	0.010000	0.002200
417	1.443323	0.000000	0.010000	0.002200
418	1.436404	0.000000	0.010000	0.002200
419	1.428375	0.000000	0.010000	0.002200
420	1.419278	0.000000	0.010000	0.002200
421	1.409150	0.000000	0.010000	0.002200
422	1.398031	0.000000	0.010000	0.002200
423	1.385960	0.000000	0.010000	0.002200
424	1.372976	0.000000	0.010000	0.002200
425	1.359119	0.000000	0.010000	0.002200
426	1.344428	0.000000	0.010000	0.002200
427	1.328941	0.000000	0.010000	0.002200
428	1.312699	0.000000	0.010000	0.002200
429	1.295739	0.000000	0.010000	0.002200
430	1.278101	0.000000	0.010000	0.002200
431	1.259825	0.000000	0.010000	0.002200
432	1.240950	0.000000	0.010000	0.002200
433	1.221514	0.000000	0.010000	0.002200
434	1.201557	0.000000	0.010000	0.002200
435	1.181118	0.000000	0.010000	0.002200
436	1.160237	0.000000	0.010000	0.002200
437	1.138951	0.000000	0.010000	0.002200
438	1.117302	0.000000	0.010000	0.002200
439	1.095326	0.000000	0.010000	0.002200
440	1.073065	0.000000	0.010000	0.002200
441	1.050557	0.000000	0.010000	0.002200
442	1.027840	0.000000	0.010000	0.002200
443	1.004956	0.000000	0.010000	0.002200
444	0.981941	0.000000	0.010000	0.002200
445	0.958836	0.000000	0.010000	0.002200
446	0.935680	0.000000	0.010000	0.002200
447	0.912512	0.000000	0.010000	0.002200
448	0.889371	0.000000	0.010000	0.002200
449	0.866296	0.000000	0.010000	0.002200
450	0.843327	0.000000	0.010000	0.002200
451	0.820502	0.000000	0.010000	0.002200
452	0.797861	0.000000	0.010000	0.002200
453	0.775442	0.000000	0.010000	0.002200
454	0.753286	0.000000	0.010000	0.002200
455	0.731431	0.000000	0.010000	0.002200
456	0.709916	0.000000	0.010000	0.002200
457	0.688781	0.000000	0.010000	0.002200
458	0.668065	0.000000	0.010000	0.002200
459	0.647806	0.000000	0.010000	0.002200
460	0.628044	0.000000	0.010000	0.002200
461	0.608819	0.000000	0.010000	0.002200
462	0.590159	0.000000	0.010000	0.002200
463	0.572066	0.000000	0.010000	0.002200
464	0.554534	0.000000	0.010000	0.002200
465	0.537557	0.000000	0.010000	0.002200
466	0.521130	0.000000	0.010000	0.002200
467	0.505248	0.000000	0.010000	0.002200
468	0.489905	0.000000	0.010000	0.002200
469	0.475096	0.000000	0.010000	0.002200
470	0.460816	0.000000	0.010000	0.002200
471	0.447059	0.000000	0.010000	0.002200
472	0.433819	0.000000	0.010000	0.002200
473	0.421092	0.000000	0.010000	0.002200
474	0.408872	0.000000	0.010000	0.002200
475	0.397153	0.000000	0.010000	0.002200
476	0.385930	0.000000	0.010000	0.002200
477	0.375198	0.000000	0.010000	0.002200
478	0.364952	0.000000	0.010000	0.002200
479	0.355185	0.000000	0.010000	0.002200
480	0.345893	0.000000	0.010000	0.002200
481	0.337070	0.000000	0.010000	0.002200
482	0.328710	0.000000	0.010000	0.002200
483	0.320810	0.000000	0.010000	0.002200
484	0.313361	0.000000	0.010000	0.002200
485	0.306361	0.000000	0.010000	0.002200
486	0.299803	0.000000	0.010000	0.002200
487	0.293681	0.000000	0.010000	0.002200
488	0.287990	0.000000	0.010000	0.002200
489	0.282726	0.000000	0.010000	0.002200
490	0.277882	0.000000	0.010000	0.002200
491	0.273453	0.000000	0.010000	0.002200
492	0.269434	0.000000	0.010000	0.002200
493	0.265820	0.000000	0.010000	0.002200
494	0.262604	0.000000	0.010000	0.002200
495	0.259782	0.000000	0.010000	0.002200
496	0.257348	0.000000	0.010000	0.002200
497	0.255296	0.000000	0.010000	0.002200
498	0.253622	0.000000	0.010000	0.002200
499	0.252320	0.000000	0.010000	0.002200
500	0.251385	0.000000	0.010000	0.002200
501	0.250811	0.000000	0.010000	0.002200
502	0.250592	0.000000	0.010000	0.002200
503	0.250724	0.000000	0.010000	0.002200
504	0.251200	0.000000	0.010000	0.002200
505	0.252017	0.000000	0.010000	0.002200
506	0.253167	0.000000	0.010000	0.002200
507	0.254646	0.000000	0.010000	0.002200
508	0.256449	0.000000	0.010000	0.002200
509	0.258569	0.000000	0.010000	0.002200
510	0.261002	0.000000	0.010000	0.002200
511	0.263742	0.000000	0.010000	0.002200
512	0.266784	0.000000	0.010000	0.002200
513	0.270122	0.000000	0.010000	0.002200
514	0.273751	0.000000	0.010000	0.002200
515	0.277666	0.000000	0.010000	0.002200
516	0.281861	0.000000	0.010000	0.002200
517	0.286331	0.000000	0.010000	0.002200
518	0.291070	0.000000	0.010000	0.002200
519	0.296073	0.000000	0.010000	0.002200
520	0.301334	0.000000	0.010000	0.002200
521	0.306849	0.000000	0.010000	0.002200
522	0.312612	0.000000	0.010000	0.002200
523	0.318616	0.000000	0.010000	0.002200
524	0.324858	0.000000	0.010000	0.002200
525	0.331332	0.000000	0.010018	0.002200
526	0.338031	0.000000	0.010000	0.002200
527	0.344951	0.000000	0.010000	0.002200
528	0.352087	0.000000	0.010000	0.002200
529	0.359433	0.000000	0.010000	0.002200
530	0.366983	0.000000	0.010000	0.002200
531	0.374732	0.000000	0.010000	0.002200
532	0.382676	0.000000	0.010000	0.002200
533	0.390807	0.000000	0.010000	0.002200
534	0.399122	0.000000	0.010000	0.002200
535	0.407614	0.000000	0.010000	0.002200
536	0.416278	0.000000	0.010000	0.002200
537	0.425109	0.000000	0.010000	0.002200
538	0.434102	0.000000	0.010000	0.002200
539	0.443250	0.000000	0.010000	0.002200
540	0.452549	0.000000	0.010000	0.002200
541	0.461993	0.000000	0.010000	0.002200
542	0.471577	0.000000	0.010000	0.002200
543	0.481296	0.000000	0.010000	0.002200
544	0.491143	0.000000	0.010000	0.002200
545	0.501114	0.000000	0.010000	0.002200
546	0.511203	0.000000	0.010000	0.002200
547	0.521405	0.000000	0.010000	0.002200
548	0.531714	0.000000	0.010000	0.002200
549	0.542126	0.000000	0.010000	0.002200
550	0.552634	0.000000	0.010000	0.002200
551	0.563233	0.000000	0.010000	0.002200
552	0.573918	0.000000	0.010000	0.002200
553	0.584683	0.000000	0.010000	0.002200
554	0.595523	0.000000	0.010000	0.002200
555	0.606433	0.000000	0.010000	0.002200
556	0.617407	0.000000	0.010000	0.002200
557	0.628440	0.000000	0.010000	0.002200
558	0.639526	0.000000	0.010000	0.002200
559	0.650660	0.000000	0.010000	0.002200
560	0.661837	0.000000	0.010000	0.002200
561	0.673051	0.000000	0.010000	0.002200
562	0.684297	0.000000	0.010000	0.002200
563	0.695570	0.000000	0.010000	0.002200
564	0.706863	0.000000	0.010000	0.002200
565	0.718172	0.000000	0.010000	0.002200
566	0.729491	0.000000	0.010000	0.002200
567	0.740815	0.000000	0.010000	0.002200
568	0.752138	0.000000	0.010000	0.002200
569	0.763455	0.000000	0.010000	0.002200
570	0.774761	0.000000	0.010000	0.002200
571	0.786051	0.000000	0.010000	0.002200
572	0.797318	0.000000	0.010000	0.002200
573	0.808557	0.000000	0.010000	0.002200
574	0.819763	0.000000	0.010000	0.002200
575	0.830931	0.000000	0.010000	0.002200
576	0.842056	0.000000	0.010000	0.002200
577	0.853131	0.000000	0.010000	0.002200
578	0.864151	0.000000	0.010000	0.002200
579	0.875112	0.000000	0.010000	0.002200
580	0.886007	0.000000	0.010000	0.002200
581	0.896831	0.000000	0.010000	0.002200
582	0.907580	0.000000	0.010000	0.002200
583	0.918246	0.000000	0.010000	0.002200
584	0.928826	0.000000	0.010000	0.002200
585	0.939313	0.000000	0.010000	0.002200
586	0.949703	0.000000	0.010000	0.002200
587	0.959989	0.000000	0.010000	0.002200
588	0.970167	0.000000	0.010000	0.002200
589	0.980230	0.000000	0.010000	0.002200
590	0.990175	0.000000	0.010000	0.002200
591	0.999994	0.000000	0.010000	0.002200
592	1.009684	0.000000	0.010000	0.002200
593	1.019238	0.000000	0.010000	0.002200
594	1.028651	0.000000	0.010000	0.002200
595	1.037917	0.000000	0.010000	0.002200
596	1.047032	0.000000	0.010000	0.002200
597	1.055990	0.000000	0.010000	0.002200
598	1.064785	0.000000	0.010000	0.002200
599	1.073412	0.000000	0.010000	0.002200
600	1.081866	0.000000	0.010000	0.002200
601	1.090141	0.000000	0.010000	0.002200
602	1.098232	0.000000	0.010000	0.002200
603	1.106133	0.000000	0.010000	0.002200
604	1.113840	0.000000	0.010000	0.002200
605	1.121346	0.000000	0.010000	0.002200
606	1.128646	0.000000	0.010000	0.002200
607	1.135735	0.000000	0.010000	0.002200
608	1.142608	0.000000	0.010000	0.002200
609	1.149258	0.000000	0.010000	0.002200
610	1.155682	0.000000	0.010000	0.002200
611	1.161872	0.000000	0.010000	0.002200
612	1.167825	0.000000	0.010000	0.002200
613	1.173533	0.000000	0.010000	0.002200
614	1.178993	0.000000	0.010000	0.002200
615	1.184199	0.000000	0.010000	0.002200
616	1.189145	0.000000	0.010000	0.002200
617	1.193825	0.000000	0.010000	0.002200
618	1.198236	0.000000	0.010000	0.002200
619	1.202370	0.000000	0.010000	0.002200
620	1.206223	0.000000	0.010000	0.002200
621	1.209789	0.000000	0.010000	0.002200
622	1.213063	0.000000	0.010000	0.002200
623	1.216039	0.000000	0.010000	0.002200
624	1.218713	0.000000	0.010000	0.002200
625	1.221078	0.000000	0.010000	0.002200
626	1.223129	0.000000	0.010000	0.002200
627	1.224862	0.000000	0.010000	0.002200
628	1.226269	0.000000	0.010000	0.002200
629	1.227347	0.000000	0.010000	0.002200
630	1.228090	0.000000	0.010000	0.002200
631	1.228492	0.000000	0.010000	0.002200
632	1.228547	0.000000	0.010000	0.002200
633	1.228252	0.000000	0.010000	0.002200
634	1.227599	0.000000	0.010000	0.002200
635	1.226584	0.000000	0.010000	0.002200
636	1.225201	0.000000	0.010000	0.002200
637	1.223445	0.000000	0.010000	0.002200
638	1.221311	0.000000	0.012975	0.002200
639	1.218792	0.000000	0.019698	0.002200
640	1.215885	0.000000	0.026655	0.002200
641	1.212587	0.000000	0.033802	0.002200
642	1.208910	0.000000	0.041058	0.002200
643	1.204862	0.000000	0.048337	0.002200
644	1.200454	0.000000	0.055557	0.002200
645	1.195696	0.000000	0.062633	0.002200
646	1.190598	0.000000	0.069482	0.002200
647	1.185170	0.000000	0.076018	0.002200
648	1.179423	0.000000	0.082159	0.002200
649	1.173366	0.000000	0.087820	0.002200
650	1.167010	0.000000	0.092918	0.002200
651	1.160365	0.000000	0.097409	0.002200
652	1.153441	0.000000	0.101309	0.002200
653	1.146248	0.000000	0.104637	0.002200
654	1.138796	0.000000	0.107413	0.002200
655	1.131096	0.000000	0.109659	0.002200
656	1.123157	0.000000	0.111392	0.002200
657	1.114990	0.000000	0.112634	0.002200
658	1.106606	0.000000	0.113405	0.002200
659	1.098013	0.000000	0.113724	0.002200
660	1.089222	0.000000	0.113611	0.002200
661	1.080244	0.000000	0.113087	0.002200
662	1.071088	0.000000	0.112171	0.002200
663	1.061765	0.000000	0.110884	0.002200
664	1.052285	0.000000	0.109245	0.002200
665	1.042657	0.000000	0.107274	0.002200
666	1.032893	0.000000	0.104992	0.002200
667	1.023002	0.000000	0.102418	0.002200
668	1.012994	0.000000	0.099572	0.002200
669	1.002880	0.000000	0.096475	0.002200
670	0.992669	0.000000	0.093146	0.002200
671	0.982373	0.000000	0.089605	0.002200
672	0.972000	0.000000	0.085872	0.002200
673	0.961562	0.000000	0.081968	0.002200
674	0.951067	0.000000	0.077912	0.002200
675	0.940528	0.000000	0.073724	0.002200
676	0.929952	0.000000	0.069425	0.002200
677	0.919352	0.000000	0.065034	0.002200
678	0.908736	0.000000	0.060570	0.002200
679	0.898115	0.000000	0.056056	0.002200
680	0.887500	0.000000	0.051509	0.002200
681	0.876900	0.000000	0.046950	0.002200
682	0.866325	0.000000	0.042400	0.002200
683	0.855786	0.000000	0.037878	0.002200
684	0.845292	0.000000	0.033403	0.002200
685	0.834854	0.000000	0.028989	0.002200
686	0.824472	0.000000	0.024634	0.002200
687	0.814149	0.000000	0.020339	0.002200
688	0.803884	0.000000	0.016104	0.002200
689	0.793679	0.000000	0.011928	0.002200
690	0.783533	0.000000	0.010000	0.002200
691	0.773449	0.000000	0.010000	0.002200
692	0.763425	0.000000	0.010000	0.002200
693	0.753463	0.000000	0.010000	0.002200
694	0.743564	0.000000	0.010000	0.002200
695	0.733728	0.000000	0.010000	0.002200
696	0.723956	0.000000	0.010000	0.002200
697	0.714248	0.000000	0.010000	0.002200
698	0.704606	0.000000	0.010000	0.002200
699	0.695029	0.000000	0.010000	0.002200
700	0.685519	0.000000	0.010000	0.002200
701	0.676076	0.000000	0.010000	0.002200
702	0.666700	0.000000	0.010000	0.002200
703	0.657393	0.000000	0.010000	0.002200
704	0.648155	0.000000	0.010000	0.002200
705	0.638987	0.000000	0.010000	0.002200
706	0.629889	0.000000	0.010000	0.002200
707	0.620862	0.000000	0.010000	0.002200
708	0.611907	0.000000	0.010000	0.002200
709	0.603024	0.000000	0.010000	0.002200
710	0.594213	0.000000	0.010000	0.002200
711	0.585477	0.000000	0.010000	0.002200
712	0.576814	0.000000	0.010000	0.002200
713	0.568227	0.000000	0.010000	0.002200
714	0.559715	0.000000	0.010000	0.002200
715	0.551279	0.000000	0.010000	0.002200
716	0.542920	0.000000	0.010000	0.002200
717	0.534639	0.000000	0.010000	0.002200
718	0.526435	0.000000	0.010000	0.002200
719	0.518310	0.000000	0.010000	0.002200
720	0.510265	0.000000	0.010000	0.002200
721	0.502300	0.000000	0.010000	0.002200
722	0.494415	0.000000	0.010000	0.002200
723	0.486612	0.000000	0.010000	0.002200
724	0.478891	0.000000	0.010000	0.002200
725	0.471253	0.000000	0.010000	0.002200
726	0.463698	0.000000	0.010000	0.002200
727	0.456226	0.000000	0.010000	0.002200
728	0.448840	0.000000	0.010000	0.002200
729	0.441538	0.000000	0.010000	0.002200
730	0.434323	0.000000	0.010000	0.002200
731	0.427194	0.000000	0.010000	0.002200
732	0.420152	0.000000	0.010000	0.002200
733	0.413198	0.000000	0.010000	0.002200
734	0.406333	0.000000	0.010000	0.002200
735	0.399557	0.000000	0.010000	0.002200
736	0.392870	0.000000	0.010000	0.002200
737	0.386274	0.000000	0.010000	0.002200
738	0.379769	0.000000	0.010000	0.002200
739	0.373356	0.000000	0.010000	0.002200
740	0.367035	0.000000	0.010000	0.002200
741	0.360808	0.000000	0.010000	0.002200
742	0.354673	0.000000	0.010000	0.002200
743	0.348634	0.000000	0.010000	0.002200
744	0.342689	0.000000	0.010000	0.002200
745	0.336840	0.000000	0.010000	0.002200
746	0.331087	0.000000	0.010000	0.002200
747	0.325431	0.000000	0.010000	0.002200
748	0.319872	0.000000	0.010000	0.002200
749	0.314412	0.000000	0.010000	0.002200
750	0.309051	0.000000	0.010000	0.002200
751	0.303789	0.000000	0.010000	0.002200
752	0.298628	0.000000	0.010000	0.002200
753	0.293567	0.000000	0.010000	0.002200
754	0.288608	0.000000	0.010000	0.002200
755	0.283750	0.000000	0.010000	0.002200
756	0.278996	0.000000	0.010000	0.002200
757	0.274345	0.000000	0.010000	0.002200
758	0.269798	0.000000	0.010000	0.002200
759	0.265356	0.000000	0.010000	0.002200
760	0.261019	0.000000	0.010000	0.002200
761	0.256788	0.000000	0.010000	0.002200
762	0.252664	0.000000	0.010000	0.002200
763	0.248647	0.000000	0.010000	0.002200
764	0.244738	0.000000	0.010000	0.002200
765	0.240937	0.000000	0.010000	0.002200
766	0.237246	0.000000	0.010000	0.002200
767	0.233665	0.000000	0.010000	0.002200
768	0.230194	0.000000	0.010000	0.002200
769	0.226835	0.000000	0.010000	0.002200
770	0.223587	0.000000	0.010000	0.002200
771	0.220452	0.000000	0.010000	0.002200
772	0.217430	0.000000	0.010000	0.002200
773	0.214522	0.000000	0.010000	0.002200
774	0.211728	0.000000	0.010000	0.002200
775	0.209050	0.000000	0.010000	0.002200
776	0.206487	0.000000	0.010000	0.002200
777	0.204040	0.000000	0.010000	0.002200
778	0.201711	0.000000	0.010000	0.002200
779	0.199499	0.000000	0.010000	0.002200
780	0.197405	0.000000	0.010000	0.002200
781	0.195431	0.000000	0.010000	0.002200
782	0.193576	0.000000	0.010000	0.002200
783	0.191841	0.000000	0.010000	0.002200
784	0.190227	0.000000	0.010000	0.002200
785	0.188735	0.000000	0.010000	0.002200
786	0.187365	0.000000	0.010000	0.002200
787	0.186118	0.000000	0.010000	0.002200
788	0.184995	0.000000	0.010000	0.002200
789	0.183996	0.000000	0.010000	0.002200
790	0.183121	0.000000	0.010000	0.002200
791	0.182372	0.000000	0.010000	0.002200
792	0.181749	0.000000	0.010000	0.002200
793	0.181253	0.000000	0.010000	0.002200
794	0.180884	0.000000	0.010000	0.002200
795	0.180644	0.000000	0.010000	0.002200
796	0.180532	0.000000	0.010000	0.002200
797	0.180549	0.000000	0.010000	0.002200
798	0.180696	0.000000	0.010000	0.002200
799	0.180974	0.000000	0.010000	0.002200
800	0.181384	0.000000	0.010000	0.002200
801	0.181925	0.000000	0.010000	0.002200
802	0.182599	0.000000	0.010000	0.002200
803	0.183406	0.000000	0.010000	0.002200
804	0.184347	0.000000	0.010000	0.002200
805	0.185423	0.000000	0.010000	0.002200
806	0.186634	0.000000	0.010000	0.002200
807	0.187980	0.000000	0.010000	0.002200
808	0.189463	0.000000	0.010000	0.002200
809	0.191084	0.000000	0.010000	0.002200
810	0.192842	0.000000	0.010000	0.002200
811	0.194738	0.000000	0.010000	0.002200
812	0.196774	0.000000	0.010000	0.002200
813	0.198949	0.000000	0.010000	0.002200
814	0.201265	0.000000	0.010000	0.002200
815	0.203722	0.000000	0.010000	0.002200
816	0.206320	0.000000	0.010000	0.002200
817	0.209061	0.000000	0.010000	0.002200
818	0.211945	0.000000	0.010000	0.002200
819	0.214972	0.000000	0.010000	0.002200
820	0.218144	0.000000	0.010000	0.002200
821	0.221460	0.000000	0.010000	0.002200
822	0.224922	0.000000	0.010000	0.002200
823	0.228531	0.000000	0.010000	0.002200
824	0.232286	0.000000	0.010000	0.002200
825	0.236189	0.000000	0.010000	0.002200
826	0.240240	0.000000	0.010000	0.002200
827	0.244440	0.000000	0.010000	0.002200
828	0.248789	0.000000	0.010000	0.002200
829	0.253288	0.000000	0.010000	0.002200
830	0.257938	0.000000	0.010000	0.002200
831	0.262740	0.000000	0.010000	0.002200
832	0.267694	0.000000	0.010000	0.002200
833	0.272800	0.000000	0.010000	0.002200
834	0.278060	0.000000	0.010000	0.002200
835	0.283473	0.000000	0.010000	0.002200
836	0.289042	0.000000	0.010000	0.002200
837	0.294765	0.000000	0.010000	0.002200
838	0.300645	0.000000	0.010000	0.002200
839	0.306681	0.000000	0.010000	0.002200
840	0.312874	0.000000	0.010000	0.002200
841	0.319226	0.000000	0.010000	0.002200
842	0.325736	0.000000	0.010000	0.002200
843	0.332405	0.000000	0.010000	0.002200
844	0.339234	0.000000	0.010000	0.002200
845	0.346223	0.000000	0.010000	0.002200
846	0.353374	0.000000	0.010000	0.002200
847	0.360686	0.000000	0.010000	0.002200
848	0.368161	0.000000	0.010000	0.002200
849	0.375799	0.000000	0.010000	0.002200
850	0.383601	0.000000	0.010000	0.002200
851	0.391567	0.000000	0.010000	0.002200
852	0.399698	0.000000	0.010000	0.002200
853	0.407994	0.000000	0.010000	0.002200
854	0.416458	0.000000	0.010000	0.002200
855	0.425088	0.000000	0.010000	0.002200
856	0.433885	0.000000	0.010000	0.002200
857	0.442851	0.000000	0.010000	0.002200
858	0.451986	0.000000	0.010000	0.002200
859	0.461291	0.000000	0.010000	0.002200
860	0.470765	0.000000	0.010000	0.002200
861	0.480411	0.000000	0.010000	0.002200
862	0.490228	0.000000	0.010000	0.002200
863	0.500217	0.000000	0.010000	0.002200
864	0.510380	0.000000	0.010000	0.002200
865	0.520715	0.000000	0.010000	0.002200
866	0.531225	0.000000	0.010000	0.002200
867	0.541909	0.000000	0.010000	0.002200
868	0.552769	0.000000	0.010000	0.002200
869	0.563805	0.000000	0.010000	0.002200
870	0.575018	0.000000	0.010000	0.002200
871	0.586408	0.000000	0.010000	0.002200
872	0.597976	0.000000	0.010000	0.002200
873	0.609722	0.000000	0.010000	0.002200
874	0.621648	0.000000	0.010000	0.002200
875	0.633754	0.000000	0.010000	0.002200
876	0.646041	0.000000	0.010000	0.002200
877	0.658509	0.000000	0.010000	0.002200
878	0.671158	0.000000	0.010000	0.002200
879	0.683991	0.000000	0.010000	0.002200
880	0.697006	0.000000	0.010000	0.002200
881	0.710205	0.000000	0.010000	0.002200
882	0.723589	0.000000	0.010000	0.002200
883	0.737158	0.000000	0.010000	0.002200
884	0.750913	0.000000	0.010000	0.002200
885	0.764854	0.000000	0.010000	0.002200
886	0.778982	0.000000	0.010000	0.002200
887	0.793298	0.000000	0.010000	0.002200
888	0.807802	0.000000	0.010000	0.002200
889	0.822496	0.000000	0.010000	0.002200
890	0.837379	0.000000	0.010000	0.002200
891	0.852452	0.000000	0.010000	0.002200
892	0.867717	0.000000	0.010000	0.002200
893	0.883173	0.000000	0.010000	0.002200
894	0.898821	0.000000	0.010000	0.002200
895	0.914662	0.000000	0.010000	0.002200
896	0.930697	0.000000	0.010000	0.002200
897	0.946926	0.000000	0.010000	0.002200
898	0.963350	0.000000	0.010000	0.002200
899	0.979970	0.000000	0.010000	0.002200
900	0.996785	0.000000	0.010000	0.002200
901	1.013798	0.000000	0.010000	0.002200
902	1.031008	0.000000	0.010000	0.002200
903	1.048416	0.000000	0.010000	0.002200
904	1.066023	0.000000	0.010000	0.002200
905	1.083829	0.000000	0.010000	0.002200
906	1.101835	0.000000	0.010000	0.002200
907	1.120042	0.000000	0.010000	0.002200
908	1.138450	0.000000	0.010000	0.002200
909	1.157061	0.000000	0.010000	0.002200
910	1.175874	0.000000	0.010000	0.002200
911	1.194890	0.000000	0.010000	0.002200
912	1.214110	0.000000	0.010000	0.002200
913	1.233508	0.000000	0.010000	0.002200
914	1.252968	0.000000	0.010000	0.002200
915	1.272359	0.000000	0.010000	0.002200
916	1.291547	0.000000	0.010000	0.002200
917	1.310401	0.000000	0.010000	0.002200
918	1.328787	0.000000	0.010000	0.002200
919	1.346574	0.000000	0.010000	0.002200
920	1.363630	0.000000	0.010000	0.002200
921	1.379821	0.000000	0.010000	0.002200
922	1.395015	0.000000	0.010000	0.002200
923	1.409080	0.000000	0.010000	0.002200
924	1.421884	0.000000	0.010000	0.002200
925	1.433294	0.000000	0.010000	0.002200
926	1.443177	0.000000	0.010000	0.002200
927	1.451402	0.000000	0.010000	0.002200
928	1.457835	0.000000	0.010000	0.002200
929	1.462345	0.000000	0.010000	0.002200
930	1.464798	0.000000	0.010000	0.002200
931	1.465064	0.000000	0.010000	0.002200
932	1.463008	0.000000	0.010000	0.002200
933	1.458499	0.000000	0.010000	0.002200
934	1.451404	0.000000	0.010000	0.002200
935	1.441591	0.000000	0.010000	0.002200
936	1.428928	0.000000	0.010000	0.002200
937	1.413282	0.000000	0.010000	0.002200
938	1.394520	0.000000	0.010000	0.002200
939	1.372510	0.000000	0.010000	0.002200
940	1.347137	0.000000	0.010000	0.002200
941	1.318514	0.000000	0.010000	0.002200
942	1.286926	0.000000	0.010000	0.002200
943	1.252660	0.000000	0.010000	0.002200
944	1.216004	0.000000	0.010000	0.002200
945	1.177246	0.000000	0.010000	0.002200
946	1.136675	0.000000	0.010000	0.002200
947	1.094576	0.000000	0.010000	0.002200
948	1.051240	0.000000	0.010316	0.002200
949	1.006953	0.000000	0.010953	0.002200
950	0.962003	0.000000	0.011567	0.002200
951	0.916679	0.000000	0.012159	0.002200
952	0.871267	0.000000	0.012729	0.002200
953	0.826057	0.000000	0.013275	0.002200
954	0.781335	0.000000	0.013798	0.002200
955	0.737390	0.000000	0.014297	0.002200
956	0.694509	0.000000	0.014772	0.002200
957	0.652981	0.000000	0.015223	0.002200
958	0.613093	0.000000	0.015649	0.002200
959	0.575133	0.000000	0.016050	0.002200
960	0.539389	0.000000	0.016425	0.002200
961	0.506085	0.000000	0.016776	0.002200
962	0.475213	0.000000	0.017100	0.002200
963	0.446708	0.000000	0.017398	0.002200
964	0.420506	0.000000	0.017669	0.002200
965	0.396543	0.000000	0.017914	0.002200
966	0.374755	0.000000	0.018131	0.002200
967	0.355078	0.000000	0.018321	0.002200
968	0.337448	0.000000	0.018483	0.002200
969	0.321802	0.000000	0.018617	0.002200
970	0.308075	0.000000	0.018723	0.002200
971	0.296203	0.000000	0.018799	0.002200
972	0.286123	0.000000	0.018847	0.002200
973	0.277770	0.000000	0.018866	0.002200
974	0.271080	0.000000	0.018854	0.002200
975	0.265989	0.000000	0.018813	0.002200
976	0.262434	0.000000	0.018742	0.002200
977	0.260351	0.000000	0.018640	0.002200
978	0.259675	0.000000	0.018507	0.002200
979	0.260342	0.000000	0.018342	0.002200
980	0.262289	0.000000	0.018147	0.002200
981	0.265451	0.000000	0.017919	0.002200
982	0.269765	0.000000	0.017659	0.002200
983	0.275166	0.000000	0.017369	0.002200
984	0.281592	0.000000	0.017049	0.002200
985	0.288976	0.000000	0.016702	0.002200
986	0.297257	0.000000	0.016330	0.002200
987	0.306369	0.000000	0.015934	0.002200
988	0.316248	0.000000	0.015516	0.002200
989	0.326832	0.000000	0.015078	0.002200
990	0.338055	0.000000	0.014622	0.002200
991	0.349854	0.000000	0.014150	0.002200
992	0.362165	0.000000	0.013663	0.002200
993	0.374923	0.000000	0.013163	0.002200
994	0.388066	0.000000	0.012653	0.002200
995	0.401528	0.000000	0.012133	0.002200
996	0.415246	0.000000	0.011606	0.002200
997	0.429156	0.000000	0.011074	0.002200
998	0.443194	0.000000	0.010538	0.002200
999	0.457297	0.000000	0.010000	0.002200
